entry_time,exit_time,side,entry_price,exit_price,quantity,notional,stop_loss,take_profit,exit_reason,pnl,pnl_pct,fees,slippage,holding_bars,metadata
2020-01-02 16:00:00+00:00,2020-01-03 04:00:00+00:00,SHORT,7128.230889,7104.984189333333,0.14028726279660214,1000.0,7102.8533333333335,6744.1033333333335,stop_loss,1.2612158652914185,0.0012612158652914186,2.0,0.5990219826617164,3,{}
2020-01-27 12:00:00+00:00,2020-01-28 00:00:00+00:00,LONG,8738.290701,9047.895531071428,0.11444030032603661,1000.0126121586529,8644.199642857144,9050.610714285714,take_profit,33.43124451144847,0.03343082287660645,2.000025224317306,0.610640191987862,3,{}
2020-01-28 00:00:00+00:00,2020-01-28 16:00:00+00:00,LONG,8910.242271,8930.005194500001,0.11226932940528206,1000.3469246037674,8932.685000000001,9470.480000000001,stop_loss,0.21807631922560367,0.00021800068942280464,2.000693849207535,0.6008740395807,4,{}
2020-02-05 16:00:00+00:00,2020-02-06 08:00:00+00:00,LONG,9487.065266,9695.980333,0.10544347248796083,1000.3491053669597,9476.64357142857,10014.682857142858,signal_reversal,20.02803190880106,0.020021042455427743,2.0006982107339195,0.6068201194555752,4,{}
2020-02-06 12:00:00+00:00,2020-02-07 04:00:00+00:00,LONG,9701.569598,9798.889451000001,0.10313273286132105,1000.5493856860478,9583.8175,10193.005,signal_reversal,8.035763630180028,0.008031351320724802,2.001098771372096,0.6033416477503759,4,{}
2020-02-25 12:00:00+00:00,2020-02-26 04:00:00+00:00,SHORT,9623.542071,9150.824424,0.10397728153937112,1000.6297433223496,9646.09607142857,8900.217857142856,signal_reversal,47.1506363841033,0.04712096227276934,2.0012594866446993,0.5856367536102126,4,{}
2020-02-26 00:00:00+00:00,2020-02-26 16:00:00+00:00,SHORT,9313.685056,8833.789342,0.10748712713248423,1001.1012496861906,9449.2425,8611.904999999999,signal_reversal,49.58040912167993,0.04952586877423398,2.0022024993723813,0.5851906614275955,4,{}
2020-02-26 12:00:00+00:00,2020-02-27 04:00:00+00:00,SHORT,9155.612492,8816.694215,0.10939705613934446,1001.5970537774075,9266.524285714288,8452.82142857143,signal_reversal,35.07346766806415,0.03501754276910921,2.003194107554815,0.5898386237188646,4,{}
2020-04-29 04:00:00+00:00,2020-04-29 16:00:00+00:00,LONG,7817.724614,8244.135302928573,0.12816360743377908,1001.947788454088,7794.195357142857,8246.609285714287,take_profit,52.64643656450075,0.05254409178918324,2.003895576908176,0.6175687468258486,3,{}
2020-06-11 16:00:00+00:00,2020-06-12 08:00:00+00:00,SHORT,9518.683538000001,9496.66243,0.10531648087865372,1002.4742528197331,9493.814285714287,8855.16142857143,stop_loss,0.3142370939693886,0.0003134615109420624,2.0049485056394665,0.6007890588095888,4,{}
2020-06-22 16:00:00+00:00,2020-06-23 08:00:00+00:00,LONG,9495.097674999999,9630.270052,0.10557841841165398,1002.4773951906728,9437.057499999999,9816.295,signal_reversal,12.26633098622257,0.012236017535227808,2.004954790381346,0.6057691617822318,4,{}
2020-06-24 12:00:00+00:00,2020-06-25 04:00:00+00:00,SHORT,9328.520604,9176.232043999998,0.10747685523368279,1002.600058500535,9426.816428571428,8896.157142857142,signal_reversal,14.36229539986504,0.014325049433315364,2.00520011700107,0.596651313218398,4,{}
2020-06-25 00:00:00+00:00,2020-06-25 16:00:00+00:00,SHORT,9295.540501,9301.5331945,0.10787362836476913,1002.7436814545338,9298.743571428571,8703.592857142858,stop_loss,-2.651940954432069,-0.0026446847818430387,2.0054873629090677,0.6018401409350218,4,{}
2020-06-27 16:00:00+00:00,2020-06-28 08:00:00+00:00,SHORT,9128.080754,9055.525843,0.10984972515778747,1002.7171620449895,9122.472500000002,8569.175000000001,signal_reversal,5.964702708107871,0.005948539562186379,2.005434324089979,0.5992400273611747,4,{}
2020-07-08 12:00:00+00:00,2020-07-09 04:00:00+00:00,LONG,9312.622949,9399.499304,0.10767930953112945,1002.7768090720706,9280.23857142857,9674.682857142856,signal_reversal,7.34923230283718,0.0073288813984817465,2.005553618144141,0.6044734175528181,4,{}
2020-07-16 08:00:00+00:00,2020-07-17 00:00:00+00:00,SHORT,9120.952893000001,9122.545943,0.10995016783441015,1002.850301395099,9183.583214285714,8877.663571428573,signal_reversal,-2.18085671765855,-0.0021746582861117817,2.0057006027901982,0.6017627660659748,4,{}
2020-07-21 04:00:00+00:00,2020-07-21 20:00:00+00:00,LONG,9183.464213,9387.183,0.10919936851371737,1002.8284928279223,9233.0,9479.87,signal_reversal,20.240305909124825,0.02018321782227014,2.0056569856558446,0.6083729414553322,4,{}
2020-07-22 20:00:00+00:00,2020-07-23 12:00:00+00:00,LONG,9376.692163999998,9522.132503,0.10697065429298803,1003.0308958870137,9400.760357142857,9752.959285714285,signal_reversal,13.551786431650225,0.013510836492893799,2.0060617917740275,0.6064873467892322,4,{}
2020-07-23 16:00:00+00:00,2020-07-24 04:00:00+00:00,LONG,9527.8575,9465.384532499998,0.10528772221365927,1003.1664137513301,9468.224999999999,9850.949999999999,stop_loss,-8.583969275505801,-0.008556874669882676,2.00633282750266,0.5999260193224829,3,{}
2020-07-25 16:00:00+00:00,2020-07-26 08:00:00+00:00,LONG,9596.07796,9944.31438185714,0.10453026520207376,1003.080574058575,9537.560714285713,9947.29857142857,take_profit,34.39508438163095,0.034289453181676754,2.00616114811715,0.6127720493556696,4,{}
2020-07-26 08:00:00+00:00,2020-07-27 00:00:00+00:00,LONG,9719.444959,9810.995818000001,0.10323887106055799,1003.4245249023913,9813.94,10284.73,stop_loss,7.44475827797963,0.007419350527339186,2.006849049804783,0.6048911022245255,4,{}
2020-07-27 00:00:00+00:00,2020-07-27 16:00:00+00:00,LONG,9934.519462,10664.713911428571,0.10101132483796539,1003.4989724851712,10039.302857142857,10667.914285714285,take_profit,71.7509107811383,0.07150073168829137,2.0069979449703426,0.6242334505016481,4,{}
2020-08-01 04:00:00+00:00,2020-08-01 20:00:00+00:00,LONG,11369.569848,11797.629649,0.08832493181522012,1004.2164815929825,11371.123214285715,12229.803571428572,signal_reversal,35.799919772975834,0.03564960387444213,2.008432963185965,0.6138758527771205,4,{}
2020-08-10 00:00:00+00:00,2020-08-10 12:00:00+00:00,LONG,11685.194507,11774.782933642857,0.08596985528900895,1004.5744807907123,11778.316428571428,12471.567142857142,stop_loss,5.69275511247495,0.005666832296988189,2.009148961581425,0.6050560073230361,3,{}
2020-08-25 16:00:00+00:00,2020-08-26 08:00:00+00:00,SHORT,11415.994174000001,11381.993574,0.08800209539611463,1004.631408341837,11496.88357142857,10888.232857142859,signal_reversal,0.9828612280415676,0.0009783301814779996,2.009262816683674,0.6018815312520924,4,{}
2020-08-31 12:00:00+00:00,2020-09-01 00:00:00+00:00,LONG,11684.224215999999,11578.36116357143,0.08598270782739638,1004.6412369541174,11581.835714285715,12062.80857142857,stop_loss,-11.111674380590234,-0.011060340718522299,2.0092824739082347,0.6000532593898896,3,{}
2020-09-01 04:00:00+00:00,2020-09-01 20:00:00+00:00,LONG,11694.937429,11918.393409,0.08589444161705155,1004.5301202103115,11736.768214285714,12297.683571428572,signal_reversal,17.18456638767047,0.01710706930726244,2.009060240420623,0.6084779423038896,4,{}
2020-09-01 12:00:00+00:00,2020-09-02 00:00:00+00:00,LONG,11872.540694,11837.033181535715,0.08462400692228685,1004.7019658741882,11840.585357142858,12436.819285714286,stop_loss,-5.01419191231917,-0.004990725690435308,2.0094039317483765,0.6019195268721746,3,{}
2020-09-02 08:00:00+00:00,2020-09-03 00:00:00+00:00,SHORT,11720.072923,11353.965167999999,0.08572061202652512,1004.6518239550651,11683.598214285714,10850.863571428572,signal_reversal,29.37367717834706,0.029237668690741212,2.00930364791013,0.5933790779975318,4,{}
2020-09-21 08:00:00+00:00,2020-09-22 00:00:00+00:00,SHORT,10899.309226,10453.084985,0.09220268366453709,1004.9455607268485,10846.298571428571,10216.812857142857,signal_reversal,39.13318141491746,0.03894059832118025,2.009891121453697,0.5906281707081975,4,{}
2020-10-01 16:00:00+00:00,2020-10-02 08:00:00+00:00,SHORT,10713.015131,10439.760988999999,0.09384257188547022,1005.3368925409977,10796.29357142857,10260.632857142858,signal_reversal,23.632197678555638,0.023506744708060055,2.0106737850819956,0.5955116355398709,4,{}
2020-10-08 12:00:00+00:00,2020-10-09 04:00:00+00:00,LONG,10609.351851,10890.7318,0.0947817763648777,1005.5732145177832,10739.099999999999,11212.679999999998,signal_reversal,24.658544970643142,0.024521879277052943,2.0111464290355663,0.6113472914240371,4,{}
2020-10-09 08:00:00+00:00,2020-10-10 00:00:00+00:00,LONG,10897.258197,11357.358912714286,0.09230026322074213,1005.8197999674896,10895.261428571428,11360.767142857143,take_profit,40.45577756854553,0.0402216953472711,2.011639599934979,0.6162359826597605,4,{}
2020-10-10 00:00:00+00:00,2020-10-10 16:00:00+00:00,LONG,11053.955192,11347.684673,0.09102844549898327,1006.2243577431751,11212.865357142857,11813.149285714284,signal_reversal,24.72528933716682,0.024572342288177455,2.01244871548635,0.61175839751642,4,{}
2020-10-12 12:00:00+00:00,2020-10-13 04:00:00+00:00,LONG,11247.783323,11448.564400000001,0.0894817744735948,1006.4716106365468,11346.663571428571,11954.812857142857,signal_reversal,15.95330382940651,0.015850724114629306,2.0129432212730936,0.6092745122939549,4,{}
2020-10-19 12:00:00+00:00,2020-10-20 04:00:00+00:00,LONG,11480.4431,11731.939362,0.08768225537173219,1006.6311436748407,11653.422142857142,12093.155714285715,signal_reversal,20.038497182370275,0.01990649435821852,2.0132622873496815,0.6105962536578686,4,{}
2020-10-21 00:00:00+00:00,2020-10-21 12:00:00+00:00,LONG,11913.573,12668.41904807143,0.08451129888965002,1006.8315286466644,11937.354642857143,12672.220714285715,take_profit,61.77935692694236,0.061360173146328925,2.013663057293329,0.623242620646907,3,{}
2020-10-21 08:00:00+00:00,2020-10-21 20:00:00+00:00,LONG,12201.799442,12864.672297285715,0.08256563525771266,1007.4493222159338,12068.233571428571,12868.532857142858,take_profit,52.71561974732707,0.052325827795860244,2.0148986444318675,0.6208937304742025,3,{}
2020-10-27 08:00:00+00:00,2020-10-28 00:00:00+00:00,LONG,13148.533377,13775.856003,0.07666075367588938,1007.976478413407,13153.246785714286,14042.906428571427,signal_reversal,46.075072350271356,0.045710463822325756,2.015952956826814,0.6192175785619259,4,{}
2020-11-16 16:00:00+00:00,2020-11-17 08:00:00+00:00,LONG,16454.934999999998,16989.961482000002,0.061284789586644364,1008.4372291369098,16397.033928571425,17542.96214285714,signal_reversal,30.77211091437904,0.030514651805066677,2.0168744582738194,0.6149020394435972,4,{}
2020-11-17 12:00:00+00:00,2020-11-18 04:00:00+00:00,LONG,16999.208233,18144.76422292857,0.05934070201503916,1008.7449502460535,16908.180357142854,18150.209285714285,take_profit,65.96060673940231,0.06538878506733856,2.017489900492107,0.6256465734765675,4,{}
2020-12-16 08:00:00+00:00,2020-12-16 20:00:00+00:00,LONG,19429.777185,20513.1592055,0.05195142212401277,1009.4045563134475,19350.012499999997,20519.315,take_profit,54.26442755593452,0.053758849429132095,2.018809112626895,0.622532826307729,3,{}
2021-04-13 08:00:00+00:00,2021-04-14 00:00:00+00:00,LONG,61069.305297,63730.065243000005,0.01653772211223467,1009.9472005890068,61434.375714285714,65957.87857142856,signal_reversal,41.983014193134615,0.041569513899983965,2.0198944011780138,0.61917320891904,4,{}
2021-09-05 20:00:00+00:00,2021-09-06 12:00:00+00:00,LONG,50699.76536799999,51588.968665,0.019928436027213812,1010.3670307309382,50734.91285714285,53800.81428571428,signal_reversal,15.699696957990371,0.015538607734095015,2.0207340614618765,0.6115379976214531,4,{}
2021-11-08 00:00:00+00:00,2021-11-08 16:00:00+00:00,LONG,63292.562074,65815.25949699999,0.015965920711489605,1010.5240277005181,63878.69464285714,67842.58071428571,signal_reversal,38.25613897929596,0.0378577232511226,2.021048055401036,0.6184012533337058,4,{}
2021-12-28 04:00:00+00:00,2021-12-28 20:00:00+00:00,SHORT,49813.121579,47558.003121999995,0.020293981927775526,1010.9065890903111,50440.887142857144,46799.61571428571,signal_reversal,43.74352003317049,0.04327157474810226,2.021813178180622,0.5928185257243893,4,{}
2021-12-28 16:00:00+00:00,2021-12-29 08:00:00+00:00,SHORT,48922.788759,47752.27138499999,0.020672248045234185,1011.3440242906428,49034.366428571426,44999.64714285714,signal_reversal,22.174537448003072,0.021925810520862378,2.0226880485812857,0.5995494786350353,4,{}
2022-04-18 04:00:00+00:00,2022-04-18 16:00:00+00:00,SHORT,39801.226049,39617.703174999995,0.02541544243938029,1011.5657696651228,39605.82142857143,37547.90714285714,stop_loss,2.6411835011264477,0.002610985444872069,2.0231315393302456,0.6055406415738781,3,{}
2022-05-09 12:00:00+00:00,2022-05-10 00:00:00+00:00,SHORT,33112.373307,30144.542079,0.03055027714628604,1011.5921815001341,33444.544285714284,30135.501428571428,take_profit,88.64488217580225,0.08762907009062378,2.023184363000268,0.5797631012429754,3,{}
2022-08-19 04:00:00+00:00,2022-08-19 20:00:00+00:00,SHORT,22762.139309000002,20840.640316999998,0.044480820391146834,1012.4786303218922,22503.08785714286,20711.464285714286,signal_reversal,83.44489428427809,0.08241644987385945,2.0249572606437845,0.5818539673830385,4,{}
2022-08-26 12:00:00+00:00,2022-08-27 04:00:00+00:00,SHORT,21184.912619000002,20278.331674999998,0.04783182718232833,1013.3130792647348,21289.48785714286,19764.26428571429,signal_reversal,41.33679688167084,0.04079370702652435,2.02662615852947,0.5949827769030946,4,{}
2022-10-13 08:00:00+00:00,2022-10-13 20:00:00+00:00,SHORT,18999.588413,19040.0767385,0.05335517934377643,1013.7264472335517,19034.36642857143,18190.867142857143,stop_loss,-4.187714762848726,-0.004131010662962334,2.0274528944671033,0.6088838072765468,3,{}
2022-10-14 00:00:00+00:00,2022-10-14 12:00:00+00:00,LONG,19381.392674000002,19385.52866760714,0.052301946879481656,1013.684570085923,19391.34607142857,20667.857857142855,stop_loss,-1.8110486222374118,-0.0017865997724360169,2.0273691401718463,0.6082757124205718,3,{}
2022-10-23 16:00:00+00:00,2022-10-24 04:00:00+00:00,LONG,19195.897042,19285.194491178576,0.05280641260899823,1013.6664595997006,19290.981785714288,19917.52642857143,stop_loss,2.688145027055498,0.0026519029031670366,2.0273329191994014,0.609614998402006,3,{}
2022-10-25 12:00:00+00:00,2022-10-26 04:00:00+00:00,LONG,19307.180417,20357.499488857142,0.052503437537539804,1013.6933410499712,19440.915714285715,20363.60857142857,take_profit,53.11797510163831,0.05240043803249152,2.027386682099942,0.6247646324764223,4,{}
2022-10-26 08:00:00+00:00,2022-10-27 00:00:00+00:00,LONG,20350.153215,20749.103401000004,0.04983866755624265,1014.2245208009875,20201.318571428572,21420.792857142857,signal_reversal,17.85469664995347,0.0176042841439612,2.028449041601975,0.6145015009761563,4,{}
2022-11-04 12:00:00+00:00,2022-11-05 04:00:00+00:00,LONG,20564.197408999997,21378.004674,0.04932859997363816,1014.4030677674871,20402.536428571428,21711.027142857143,signal_reversal,38.11516689529071,0.03757398622539177,2.0288061355349742,0.6206887013891144,4,{}
2022-11-08 04:00:00+00:00,2022-11-08 16:00:00+00:00,SHORT,20141.575714,20247.109454,0.050382563601073384,1014.78421943644,20241.037142857145,18908.625714285714,stop_loss,-7.346628806482153,-0.007239597015572532,2.02956843887288,0.6104652261785434,3,{}
2022-11-21 00:00:00+00:00,2022-11-21 16:00:00+00:00,SHORT,16274.61615,16319.621561,0.062349289457642613,1014.7107531483753,16314.727142857144,15591.795714285714,stop_loss,-4.835476903895929,-0.004765374653705739,2.0294215062967504,0.6096680708333853,4,{}
2022-11-21 16:00:00+00:00,2022-11-22 08:00:00+00:00,SHORT,16125.610865,15752.604363999999,0.06292241620325967,1014.6623983793362,16063.09857142857,15042.742857142855,signal_reversal,21.441145505685025,0.021131309822786153,2.0293247967586723,0.6017584644374492,4,{}
2022-11-28 00:00:00+00:00,2022-11-28 16:00:00+00:00,SHORT,16423.841369,16229.617425,0.06179290137019789,1014.876809834393,16403.19107142857,15728.277857142855,signal_reversal,9.971907395654128,0.009825731851416861,2.029753619668786,0.6053267222248875,4,{}
2022-12-13 08:00:00+00:00,2022-12-13 20:00:00+00:00,LONG,17169.969446,17812.21687421429,0.059113473212662214,1014.9765289083496,17258.16392857143,17817.562142857147,take_profit,35.93552308582995,0.03540527496185565,2.0299530578166993,0.6203790329150438,3,{}
2022-12-14 12:00:00+00:00,2022-12-15 00:00:00+00:00,LONG,17830.277479,17776.902828750004,0.05694448027155169,1015.3358841392079,17782.237500000003,18621.015000000003,stop_loss,-5.070063486440295,-0.004993483994450414,2.030671768278416,0.6082894941688084,3,{}
2022-12-16 20:00:00+00:00,2022-12-17 12:00:00+00:00,SHORT,16860.160434,16705.270077999998,0.06021800252012617,1015.2851835043436,17044.180714285714,15807.99857142857,signal_reversal,7.296617480942763,0.007186766437148097,2.0305703670086874,0.6063738477687278,4,{}
2022-12-20 12:00:00+00:00,2022-12-21 04:00:00+00:00,LONG,16819.754413,16811.135146,0.060367002082645276,1015.358149679153,16644.75642857143,17466.977142857148,signal_reversal,-2.5510356082980743,-0.0025124490398823174,2.030716299358306,0.609058802001327,4,{}
2023-01-09 00:00:00+00:00,2023-01-09 16:00:00+00:00,LONG,17132.968349000002,17288.501893,0.05926192231495787,1015.3326393230701,17079.772857142856,17431.454285714288,signal_reversal,7.186551523251827,0.007078026692851276,2.0306652786461403,0.6119656332607637,4,{}
2023-01-11 16:00:00+00:00,2023-01-12 04:00:00+00:00,LONG,17337.099570000002,17926.319775928572,0.05856830323541266,1015.4045048383025,17359.58535714286,17931.699285714287,take_profit,32.47881868358018,0.031986088823539593,2.030809009676605,0.6195987528413976,3,{}
2023-02-15 12:00:00+00:00,2023-02-16 00:00:00+00:00,LONG,22451.013283999997,23679.725379142856,0.045242024499135225,1015.7292930251383,22370.774285714284,23686.831428571426,take_profit,53.55796412478671,0.052728580826172156,2.0314585860502765,0.6261194620269905,3,{}
2023-02-24 16:00:00+00:00,2023-02-25 08:00:00+00:00,SHORT,23342.245225000002,22990.745154999997,0.043537580162937656,1016.2648726663863,23845.54,21855.73,signal_reversal,13.270932729570664,0.013058537283446154,2.0325297453327726,0.6051693166340455,4,{}
2023-03-09 16:00:00+00:00,2023-03-10 04:00:00+00:00,SHORT,21640.925774,19842.998256999996,0.04696645571488489,1016.397581993682,21363.87142857143,19837.04714285714,take_profit,82.40948794176626,0.08107997244554496,2.0327951639873643,0.5845135166760573,3,{}
2023-03-10 08:00:00+00:00,2023-03-11 00:00:00+00:00,SHORT,19947.593926,20355.13863875,0.05099470545904974,1017.2216768730997,20349.03392857143,18584.272142857142,stop_loss,-22.817065941825348,-0.0224307704609325,2.0344433537461994,0.6165659779551247,4,{}
2023-04-10 16:00:00+00:00,2023-04-11 04:00:00+00:00,LONG,28447.921817,29959.658690928572,0.03574930755068172,1016.9935062136814,28775.265357142856,29968.649285714288,take_profit,52.00955942935139,0.05114050297428705,2.033987012427363,0.6264140879571874,3,{}
2023-04-14 00:00:00+00:00,2023-04-14 12:00:00+00:00,LONG,30382.952151999998,30149.81555532143,0.03348962262513374,1017.513601807975,30158.863214285717,31754.913571428573,stop_loss,-9.842683846489168,-0.009673270046710076,2.03502720361595,0.6081652161376265,3,{}
2023-04-20 12:00:00+00:00,2023-04-21 04:00:00+00:00,SHORT,28598.537864,28163.476508999996,0.03557577592979807,1017.41517496951,29216.55857142857,27086.952857142856,signal_reversal,13.4428149312555,0.01321271321872937,2.03483034993902,0.6058072589078936,4,{}
2023-04-26 08:00:00+00:00,2023-04-26 20:00:00+00:00,LONG,28384.702856999997,28318.26411421429,0.035848520530412493,1017.5496031188226,28326.762142857144,30203.435714285715,stop_loss,-4.4168298410058675,-0.004340653101792916,2.0350992062376454,0.6098150832082925,3,{}
2023-05-01 00:00:00+00:00,2023-05-01 16:00:00+00:00,SHORT,29224.430040000003,27851.713008,0.034816947103082405,1017.5054348204125,29035.91392857143,27611.352142857144,signal_reversal,45.75880542100359,0.044971558730868035,2.035010869640825,0.5961694711036347,4,{}
2023-05-08 00:00:00+00:00,2023-05-08 20:00:00+00:00,SHORT,28421.560973,27677.090637,0.035816576853103535,1017.9630228746225,28762.363214285713,27074.40357142857,signal_reversal,24.628452958450517,0.024193858131410614,2.035926045749245,0.6027809540679376,5,{}
2023-05-08 16:00:00+00:00,2023-05-09 08:00:00+00:00,SHORT,27879.213726,27686.613493,0.03652216728245211,1018.209307404207,27988.444642857146,26045.270714285714,signal_reversal,4.997759313456877,0.004908381093272481,2.0364186148084142,0.6088160189334784,4,{}
2023-05-12 04:00:00+00:00,2023-05-12 20:00:00+00:00,SHORT,26576.354701000004,26803.048502999998,0.03831448279695887,1018.2592849973416,27045.6425,24843.275,signal_reversal,-10.722174346900667,-0.010529905795976768,2.0365185699946835,0.6135605412428162,4,{}
2023-05-24 12:00:00+00:00,2023-05-25 04:00:00+00:00,SHORT,26734.227325,26139.109381,0.0380842150729289,1018.1520632538726,26742.410714285714,25459.248571428572,signal_reversal,20.628295646547567,0.020260525309571537,2.036304126507745,0.6040939522027706,4,{}
2023-05-28 20:00:00+00:00,2023-05-29 12:00:00+00:00,LONG,27534.247797,27675.363827892856,0.03698515222635911,1018.358346210338,27683.668928571427,28827.66214285714,stop_loss,3.182481191731185,0.003125109352296559,2.036716692420676,0.612581291951527,4,{}
2023-05-31 12:00:00+00:00,2023-06-01 04:00:00+00:00,SHORT,27089.050846000002,26810.710800999997,0.03759416218795396,1018.3901710222555,27384.101071428573,25966.41785714286,signal_reversal,8.42718045308806,0.008275001755593236,2.0367803420445107,0.6078959108418258,4,{}
2023-06-01 00:00:00+00:00,2023-06-01 16:00:00+00:00,SHORT,27202.196892,26870.738804,0.037440889310168673,1018.4744428267862,27308.63107142857,25722.557857142856,signal_reversal,10.373136698114553,0.010184974960514282,2.0369488856535725,0.60736281159133,4,{}
2023-06-05 12:00:00+00:00,2023-06-06 04:00:00+00:00,SHORT,26765.357983,25730.046699000002,0.03805583974780821,1018.5781741937674,26357.3525,25307.885,signal_reversal,37.36248396461399,0.0366810176294887,2.037156348387535,0.5993306123296762,4,{}
2023-06-14 20:00:00+00:00,2023-06-15 12:00:00+00:00,SHORT,25866.817626000004,24967.437985,0.03939223656215116,1018.9517990334134,25591.362857142856,24203.074285714283,signal_reversal,33.39067197938788,0.032769628564435105,2.0379035980668267,0.6007457493856461,4,{}
2023-06-20 16:00:00+00:00,2023-06-21 08:00:00+00:00,LONG,27080.061582,29004.33251764286,0.03763971151493696,1019.2857057532074,27467.636785714287,29013.036428571428,take_profit,70.39043148266869,0.06905858787713819,2.038571411506415,0.6333066999279326,4,{}
2023-06-21 12:00:00+00:00,2023-06-22 04:00:00+00:00,LONG,28938.679,30091.719775,0.035246585031335875,1019.9896100680339,29099.020357142857,31356.699285714287,signal_reversal,38.6007705004989,0.037844278137229466,2.039979220136068,0.624189704801513,4,{}
2023-07-03 16:00:00+00:00,2023-07-04 04:00:00+00:00,LONG,31077.960592,30870.15331771429,0.03283277275394001,1020.375617773039,30879.417142857143,32008.68571428571,stop_loss,-8.863640248784515,-0.008686644500707821,2.040751235546078,0.6101779448157644,3,{}
2023-07-13 16:00:00+00:00,2023-07-14 08:00:00+00:00,LONG,30926.755244,31059.262996357145,0.03299043088487253,1020.2869813705511,31068.58357142857,32680.862857142856,stop_loss,2.3309138831071072,0.002284566916629664,2.040573962741102,0.6134840838234863,4,{}
2023-07-24 08:00:00+00:00,2023-07-25 00:00:00+00:00,SHORT,29819.051600000003,29119.7333,0.03421672507214757,1020.3102905093822,29619.133214285717,28571.703571428574,signal_reversal,21.887761428002943,0.0214520637805933,2.0406205810187643,0.6050098677081015,4,{}
2023-08-01 00:00:00+00:00,2023-08-01 16:00:00+00:00,SHORT,29223.490321999998,29125.05025175,0.034921535958878556,1020.5291681236623,29116.315357142856,28272.369285714285,stop_loss,1.3966201167825405,0.0013685254281858071,2.0410583362473247,0.6112865617451773,4,{}
2023-08-08 16:00:00+00:00,2023-08-09 08:00:00+00:00,LONG,29544.240614,29879.353504000002,0.03454287919118929,1020.54313432483,29552.72392857143,30547.272142857142,signal_reversal,9.534677806030782,0.0093427484692636,2.0410862686496603,0.61579970705786,4,{}
2023-08-16 20:00:00+00:00,2023-08-17 12:00:00+00:00,SHORT,29102.956492999998,28178.798961499997,0.035069924299559734,1020.6384811028904,29010.59107142857,28170.347857142857,take_profit,30.368857708367244,0.029754764562228732,2.0412769622057807,0.6026630194122882,4,{}
2023-08-17 12:00:00+00:00,2023-08-18 00:00:00+00:00,SHORT,28536.53647,27243.7199505,0.03577666724738211,1020.9421696799741,28283.255357142858,27235.549285714285,take_profit,44.21078209071024,0.04330390437743267,2.041884339359948,0.5986937185013324,3,{}
2023-09-11 12:00:00+00:00,2023-09-12 00:00:00+00:00,SHORT,25593.589619000002,25419.81258525,0.03990781647692876,1021.3842775008811,25412.18892857143,24523.532142857144,stop_loss,4.8922934157983144,0.004789865600603093,2.0427685550017625,0.6107507270323114,3,{}
2023-09-14 12:00:00+00:00,2023-09-15 04:00:00+00:00,LONG,26454.083845,26557.720293,0.038611550731442054,1021.4332004350392,26150.251071428575,27781.407857142858,signal_reversal,1.9586975687082804,0.0019175973209741473,2.0428664008700785,0.6140608048581175,4,{}
2023-09-18 08:00:00+00:00,2023-09-18 20:00:00+00:00,LONG,26718.683200999996,26932.29717192857,0.038229907504292594,1021.4527874107263,26940.379285714283,27710.181428571428,stop_loss,6.123536775402595,0.005994928841425071,2.0429055748214524,0.6153223955101967,3,{}
2023-09-27 08:00:00+00:00,2023-09-27 20:00:00+00:00,LONG,26254.223905,26454.522690142858,0.03890855911318474,1021.5140227784804,26462.461428571427,27375.177142857145,stop_loss,5.7503090764730524,0.0056292022901775,2.043028045556961,0.6152471715762114,3,{}
2023-09-28 12:00:00+00:00,2023-09-29 04:00:00+00:00,LONG,26484.873079,27171.826006,0.038571886783148476,1021.571525869245,26616.822500000002,27826.355,signal_reversal,24.45392747385791,0.023937557825968483,2.04314305173849,0.6208944772961078,4,{}
2023-10-01 20:00:00+00:00,2023-10-02 12:00:00+00:00,LONG,27111.150906,28548.754946214285,0.037689881506205045,1021.8160651439836,27710.19392857143,28557.32214285714,take_profit,52.13949379823012,0.05102630069814294,2.043632130287967,0.6293495099876465,4,{}
2023-10-11 12:00:00+00:00,2023-10-12 04:00:00+00:00,SHORT,27188.101122,26818.703198,0.037602385524994,1022.3374600819659,27201.081071428573,25936.217857142856,signal_reversal,11.845568230216532,0.011586749671939844,2.044674920163932,0.6092367080571686,4,{}
2023-10-15 20:00:00+00:00,2023-10-16 08:00:00+00:00,LONG,27051.863125,27554.393344214288,0.03779613666680742,1022.4559157642681,26949.89392857143,27562.662142857145,take_profit,16.94878901309539,0.01657654745967846,2.044911831528536,0.6191734248706324,3,{}
2023-10-16 04:00:00+00:00,2023-10-16 16:00:00+00:00,LONG,27244.090775999997,28346.439230571432,0.037535677445152814,1022.625403654399,27596.117142857143,28354.945714285717,take_profit,39.33214521564725,0.0384619285567247,2.045250807308798,0.6259922413044223,3,{}
2023-10-16 12:00:00+00:00,2023-10-17 04:00:00+00:00,LONG,27757.934882999998,28422.100811,0.03685500126066981,1023.0187251065555,27563.710714285713,29065.058571428573,signal_reversal,22.4317986635209,0.02192706556879929,2.046037450213111,0.6211568448073559,4,{}
2023-10-20 00:00:00+00:00,2023-10-20 16:00:00+00:00,LONG,28722.324113,29552.541577,0.035625356745767695,1023.2430430931906,28746.534285714286,30213.071428571428,signal_reversal,27.530307245380207,0.026904954234683146,2.0464860861863814,0.6228215818207097,4,{}
2023-10-20 08:00:00+00:00,2023-10-21 00:00:00+00:00,LONG,29249.292156,29595.548671,0.03499292703244741,1023.5183461656445,29255.688571428575,31008.59285714286,signal_reversal,10.069492271573276,0.009838116052629745,2.047036692331289,0.6177471124733667,4,{}
2023-10-23 00:00:00+00:00,2023-10-23 20:00:00+00:00,LONG,30001.457737999997,31740.209365428575,0.034118976818644356,1023.6190410883603,30230.167857142857,31749.734285714287,take_profit,57.277188387439054,0.05595557144632561,2.0472380821767207,0.6319741486698223,5,{}
2023-10-23 16:00:00+00:00,2023-10-24 04:00:00+00:00,LONG,30892.594999,32632.073154571426,0.033153311109195845,1024.1918129722346,30710.69714285714,32641.865714285712,take_profit,55.621076833365166,0.05430728514803411,2.0483836259444694,0.6318211730364511,3,{}
2023-11-01 20:00:00+00:00,2023-11-02 12:00:00+00:00,LONG,34568.037301,34740.08270478571,0.02964437971463668,1024.7480237405684,34750.50785714285,36763.27428571429,stop_loss,3.0506832305005176,0.0029770081618355456,2.049496047481137,0.6163793825179962,4,{}
2023-11-07 16:00:00+00:00,2023-11-08 08:00:00+00:00,LONG,34731.646369,35320.190763,0.02950561340183249,1024.7785305728733,34824.385,36713.17,signal_reversal,15.315806298033941,0.014945479282701284,2.0495570611457468,0.6200783460412562,4,{}
2023-11-09 00:00:00+00:00,2023-11-09 12:00:00+00:00,LONG,35635.407416,37806.75457,0.028761609953578578,1024.9316886358536,35748.505000000005,37818.1,take_profit,60.401576539889085,0.0589322949125335,2.049863377271707,0.6337001228193181,3,{}
2023-11-09 12:00:00+00:00,2023-11-10 04:00:00+00:00,LONG,36816.751713,36227.71306746428,0.027855138128308473,1025.5357044012526,36238.58464285714,38774.890714285706,stop_loss,-18.458824243111575,-0.017999201942840742,2.051071408802505,0.6103976750284112,4,{}
2023-11-15 16:00:00+00:00,2023-11-16 08:00:00+00:00,LONG,36413.350729,37236.305756,0.02815865872354945,1025.3511161588215,36575.11785714285,39349.73428571429,signal_reversal,21.122607517804884,0.020600365265056292,2.050702232317643,0.6221648042130198,4,{}
2023-11-20 16:00:00+00:00,2023-11-21 08:00:00+00:00,LONG,37472.858486000005,37163.817509,0.027368137464537253,1025.5623422339995,36971.91071428572,38763.86857142858,signal_reversal,-10.509000625179011,-0.010247061726434963,2.051124684467999,0.6127993365013672,4,{}
2023-11-28 16:00:00+00:00,2023-11-29 08:00:00+00:00,LONG,37524.45396,38093.218605,0.02732770617584085,1025.4572522277476,37478.67571428572,39385.42857142857,signal_reversal,13.492118597311013,0.013157173122526709,2.0509145044554953,0.6199387159346813,4,{}
2023-12-01 08:00:00+00:00,2023-12-02 00:00:00+00:00,LONG,38255.553224,38770.635319,0.02680897508940755,1025.5921734137207,37971.24285714285,39798.02428571429,signal_reversal,11.757638707027358,0.011464243791849182,2.0511843468274416,0.6194992495133189,4,{}
2023-12-02 16:00:00+00:00,2023-12-03 08:00:00+00:00,LONG,38823.403528,39467.85609,0.026419882251205368,1025.709749800791,38862.4875,40535.025,signal_reversal,14.974941304926004,0.014599589511393816,2.0514194996015824,0.6205353463423933,4,{}
2023-12-03 20:00:00+00:00,2023-12-04 08:00:00+00:00,LONG,39577.859797,41031.416166928575,0.025920034698076334,1025.8594992138403,39436.52535714286,41043.72928571429,take_profit,35.62451254573094,0.03472650257957499,2.0517189984276807,0.6268220162663571,3,{}
2023-12-20 12:00:00+00:00,2023-12-21 04:00:00+00:00,LONG,42877.289329,43751.370650000004,0.023933783137853774,1026.2157443392978,42978.88214285714,46123.835714285706,signal_reversal,18.86764129298428,0.01838564784945072,2.0524314886785957,0.622007407225165,4,{}
2024-01-01 20:00:00+00:00,2024-01-02 08:00:00+00:00,LONG,43531.035394,45573.49099271429,0.023578681542082033,1026.4044207522275,43475.74142857143,45587.16714285714,take_profit,46.10560128442224,0.044919527188544785,2.0528088415044548,0.6302945664723898,3,{}
2024-01-08 12:00:00+00:00,2024-01-09 00:00:00+00:00,LONG,44649.3908,46624.36206535714,0.02299842077050403,1026.8654767650717,44125.38321428571,46638.35357142857,take_profit,43.36748921680814,0.042232882688225615,2.0537309535301436,0.629749796697419,3,{}
2024-01-22 16:00:00+00:00,2024-01-23 12:00:00+00:00,SHORT,40759.7684,39215.7612,0.025203753406440838,1027.2991516572397,40476.90821428571,38507.11357142857,signal_reversal,36.8601784232547,0.035880666662472985,2.0545983033144792,0.6047086147300536,5,{}
2024-01-23 08:00:00+00:00,2024-01-23 20:00:00+00:00,SHORT,39768.075997,39775.83095624999,0.02584152558748371,1027.6677534414723,39763.90178571428,37008.87642857143,stop_loss,-2.2557354847715243,-0.0021950046376540246,2.055335506882945,0.6166608095216689,3,{}
2024-01-29 16:00:00+00:00,2024-01-30 08:00:00+00:00,LONG,42654.542525,43524.678678,0.0240922803353082,1027.6451960866248,42295.500714285714,44396.968571428566,signal_reversal,18.908273735789365,0.01839961283115413,2.0552903921732497,0.6228781296701307,4,{}
2024-02-07 16:00:00+00:00,2024-02-08 08:00:00+00:00,LONG,43084.001324,44685.560309,0.0238565185971115,1027.8342788239825,42934.412142857145,44977.58571428572,signal_reversal,36.15195315237563,0.03517293974057727,2.055668557647965,0.6281663490282292,4,{}
2024-02-08 12:00:00+00:00,2024-02-09 04:00:00+00:00,LONG,44712.379691,46188.1394,0.02299577444683554,1028.1957983555062,44727.91714285714,46841.065714285716,signal_reversal,31.8798458091806,0.031005617665593604,2.0563915967110127,0.6271014609355858,4,{}
2024-02-09 00:00:00+00:00,2024-02-09 12:00:00+00:00,LONG,45302.246598000005,47599.92645107143,0.022703390539113015,1028.514596813598,45284.004642857144,47614.21071428571,take_profit,50.108093844505106,0.04871889421865581,2.057029193627196,0.6327630468093819,3,{}
2024-02-09 08:00:00+00:00,2024-02-10 00:00:00+00:00,LONG,46215.870603,47362.407014000004,0.02226541801173484,1029.015677752043,46298.81071428571,48942.43857142857,signal_reversal,23.470081101085157,0.0228082833026968,2.0580313555040863,0.6250701941746328,4,{}
2024-02-26 12:00:00+00:00,2024-02-27 00:00:00+00:00,LONG,51105.337003,54194.393231642855,0.020139782631755948,1029.250378563054,52158.15178571428,54210.65642857143,take_profit,60.15442022501277,0.058444885207615774,2.058500757126108,0.6362197598551254,3,{}
2024-03-04 08:00:00+00:00,2024-03-04 20:00:00+00:00,LONG,64085.839986,67624.346608,0.016069882566730538,1029.8519227653042,64022.68,67644.64,take_profit,54.80368203160789,0.053215108716262755,2.0597038455306085,0.6349753442746529,3,{}
2024-03-11 04:00:00+00:00,2024-03-11 20:00:00+00:00,LONG,68624.991323,72056.47657000001,0.01501493755730759,1030.39995958562,69657.73928571428,73744.49142857143,signal_reversal,49.46273679335625,0.048003434329760564,2.0607999191712403,0.6337017309163442,4,{}
2024-04-30 08:00:00+00:00,2024-05-01 00:00:00+00:00,SHORT,63129.795378,60264.103809,0.016329762844642586,1030.8945869535537,62627.56964285714,58358.12071428571,signal_reversal,44.73427453375465,0.043393645771243265,2.0617891739071075,0.6045021991107127,4,{}
2024-05-15 12:00:00+00:00,2024-05-16 04:00:00+00:00,LONG,62485.920154,66122.777214,0.01650518912351922,1031.3419296988911,63355.932499999995,67463.46500000001,signal_reversal,57.964329731108336,0.056202824748947715,2.062683859397782,0.6368187216412784,4,{}
2024-05-20 16:00:00+00:00,2024-05-21 08:00:00+00:00,LONG,67440.226,71108.66100000001,0.015301276911441583,1031.9215729962023,68857.17642857143,72285.61714285715,signal_reversal,54.067896620631984,0.052395354487691254,2.0638431459924047,0.6359975748238824,4,{}
2024-06-03 12:00:00+00:00,2024-06-04 00:00:00+00:00,LONG,69100.724,68662.58040153571,0.014941410048936803,1032.4622519624086,68683.18535714285,71479.4692857143,stop_loss,-8.611407668896469,-0.008340651343454642,2.064924503924817,0.6175128726205772,3,{}
2024-06-04 12:00:00+00:00,2024-06-05 04:00:00+00:00,LONG,68976.52675199999,71178.64,0.01496706468850703,1032.3761378857196,69095.63321428571,73143.73357142857,signal_reversal,30.894419158463016,0.029925545568821467,2.0647522757714394,0.6293164571255336,4,{}
2024-06-05 12:00:00+00:00,2024-06-06 04:00:00+00:00,LONG,70992.99150999999,71000.16355900001,0.014546296192235278,1032.6850820773043,70256.28964285714,74227.42071428572,signal_reversal,-1.9610434150951621,-0.0018989752530852995,2.0653701641546087,0.6196424124281624,4,{}
2024-06-11 08:00:00+00:00,2024-06-12 00:00:00+00:00,SHORT,67549.908946,67427.2221,0.015287444317188871,1032.6654716431533,67798.02321428571,65073.983571428565,signal_reversal,-0.1897626166098283,-0.00018376000923888975,2.0653309432863067,0.6190368370022947,4,{}
2024-06-21 08:00:00+00:00,2024-06-22 00:00:00+00:00,SHORT,64182.369511,64346.74823499999,0.016089520874420234,1032.6635740169872,64815.88035714286,61678.239285714284,signal_reversal,-4.710102059142451,-0.004561119591756773,2.0653271480339743,0.6203913946889277,4,{}
2024-06-24 08:00:00+00:00,2024-06-24 20:00:00+00:00,SHORT,62437.2632,59803.587838499996,0.016538464693570936,1032.616472996396,62045.098928571424,59785.65214285714,take_profit,41.49171403450272,0.040181146746675556,2.065232945992792,0.6065067744144347,3,{}
2024-06-24 16:00:00+00:00,2024-06-25 04:00:00+00:00,SHORT,60825.736803,60334.732848499996,0.016983458720483444,1033.031390136741,60316.63785714286,57286.88428571429,stop_loss,6.272882612571459,0.006072305907123622,2.0660627802734823,0.6173179565277876,3,{}
2024-07-03 08:00:00+00:00,2024-07-04 00:00:00+00:00,SHORT,60851.748997,58173.3746355,0.016977229676895536,1033.0941189628666,61501.05107142858,58155.92785714286,take_profit,43.4051884579683,0.04201474740901942,2.0661882379257333,0.6062192053524956,4,{}
2024-07-04 00:00:00+00:00,2024-07-04 16:00:00+00:00,SHORT,60190.507429000005,58301.105086,0.017170949623021264,1033.5281708474463,60551.42642857143,56203.147142857146,signal_reversal,30.375776107576478,0.029390370736261322,2.067056341694893,0.6103870275633623,4,{}
2024-07-04 08:00:00+00:00,2024-07-05 00:00:00+00:00,SHORT,58202.524003,55244.55839699999,0.017762664872664872,1033.831928608522,59369.92607142857,54545.96785714286,signal_reversal,50.47368790703011,0.04882194727238186,2.067663857217044,0.6045415347661436,4,{}
2024-07-15 16:00:00+00:00,2024-07-16 08:00:00+00:00,LONG,63044.917803,63726.986167,0.01640634489713576,1034.3366654875924,61982.82964285714,66060.34071428572,signal_reversal,9.121575492234054,0.00881876839194721,2.068673330975185,0.6239601372182005,4,{}
2024-08-27 20:00:00+00:00,2024-08-28 12:00:00+00:00,SHORT,62083.3694,59017.7,0.01666191592433955,1034.4278812425148,60845.88428571429,56553.231428571424,signal_reversal,49.01107003213554,0.04737988111192956,2.0688557624850294,0.6053374026807081,4,{}
2024-09-04 00:00:00+00:00,2024-09-04 12:00:00+00:00,SHORT,57470.493678,58092.47573025,0.018007814544648816,1034.9179919428361,58075.05321428572,53811.83357142858,stop_loss,-13.270373430903764,-0.012822632840686719,2.0698359838856724,0.6243100045392362,3,{}
2024-09-17 12:00:00+00:00,2024-09-18 04:00:00+00:00,LONG,59098.714297,59769.952918928575,0.017509438242737804,1034.7852882085272,59787.889285714286,63830.72142857143,stop_loss,9.683440620381784,0.009357922586188144,2.069570576417054,0.6243981902509471,4,{}
2024-09-23 00:00:00+00:00,2024-09-23 12:00:00+00:00,LONG,63597.833628,63338.65627235715,0.016272285761619196,1034.8821226147309,63357.66357142857,66346.67285714285,stop_loss,-6.287172239190765,-0.006075254467924916,2.069764245229462,0.6196637273735837,3,{}
2024-09-26 12:00:00+00:00,2024-09-27 04:00:00+00:00,LONG,64413.298194,65440.381993999996,0.016065304524163163,1034.8192508923391,64000.528928571424,67686.03214285715,signal_reversal,14.430775517049906,0.01394521362509061,2.069638501784678,0.6258432161042136,4,{}
2024-09-27 12:00:00+00:00,2024-09-28 04:00:00+00:00,LONG,65456.991208,65804.262797,0.015811352455213656,1034.9635586475094,64843.648214285706,68330.73357142857,signal_reversal,3.4209063740661354,0.0033053399276555943,2.069927117295019,0.6226259354471136,4,{}
2024-10-10 16:00:00+00:00,2024-10-11 08:00:00+00:00,SHORT,60771.123192,60965.731734249995,0.017031078468654974,1034.9977677112502,60947.447499999995,57286.945,stop_loss,-5.384388889152746,-0.005202319325827681,2.0699955354225006,0.6219927363168513,4,{}
2024-10-14 00:00:00+00:00,2024-10-14 12:00:00+00:00,LONG,62888.881005999996,66214.48540757144,0.016456707565262903,1034.9439238223586,63332.80714285714,66234.35571428572,take_profit,52.65861126676766,0.050880641989068935,2.069887847644717,0.6373898869576058,3,{}
2024-10-18 12:00:00+00:00,2024-10-19 04:00:00+00:00,LONG,67722.3106,68326.03603799999,0.015289946559133296,1035.4705099350263,67487.23107142858,71231.58785714286,signal_reversal,7.159988663539199,0.006914720018427636,2.0709410198700526,0.624052471814426,4,{}
2024-10-28 16:00:00+00:00,2024-10-29 08:00:00+00:00,LONG,68514.74826,71381.92542464286,0.015114148940487722,1035.5421098216618,68743.29678571428,71403.34642857143,take_profit,41.263858485534264,0.03984759102905106,2.071084219643324,0.6343297059389557,4,{}
2024-10-29 12:00:00+00:00,2024-10-30 04:00:00+00:00,LONG,71473.455606,72206.321603,0.014494258597447069,1035.954748406517,71140.50678571427,74925.01642857143,signal_reversal,8.550439780980843,0.008253680765625085,2.071909496813034,0.6247605660671397,4,{}
2024-11-10 04:00:00+00:00,2024-11-10 20:00:00+00:00,LONG,77229.13179099999,81387.91415578571,0.013415148257889174,1036.0402528043269,77542.38607142857,81412.33785714285,take_profit,53.718601490286645,0.05184991736072274,2.0720805056086538,0.6383664348955704,4,{}
2024-11-11 12:00:00+00:00,2024-11-12 00:00:00+00:00,LONG,82158.630197,88309.29069114286,0.012616780931397271,1036.5774388192297,81921.41428571427,88335.79142857142,take_profit,75.52838116036158,0.07286323079382889,2.0731548776384594,0.6452339663121436,3,{}
2024-11-20 12:00:00+00:00,2024-11-21 08:00:00+00:00,LONG,93482.686395,97945.59750300001,0.011096522389693714,1037.3327226308334,92284.28571428572,99651.33857142857,signal_reversal,47.44812758787327,0.04574050982170659,2.0746654452616666,0.6372609858932607,5,{}
2024-11-21 04:00:00+00:00,2024-11-21 20:00:00+00:00,LONG,95826.859436,98287.624864,0.010830024170831079,1037.8072039067122,94843.05678571429,101049.91642857142,signal_reversal,24.574534656172048,0.023679287023315978,2.075614407813424,0.630681822338016,4,{}
2024-12-04 20:00:00+00:00,2024-12-05 08:00:00+00:00,LONG,97238.80289199999,103024.00780842859,0.010675295441534857,1038.052949253274,96353.51785714287,103054.9242857143,take_profit,59.68266577418872,0.0574948183684865,2.076105898506548,0.6413650170658892,3,{}
2024-12-30 12:00:00+00:00,2024-12-31 04:00:00+00:00,SHORT,93894.96305800001,93534.06930525001,0.011061826343862873,1038.6497759110157,93506.01750000002,89378.595,stop_loss,1.9148444696833944,0.0018435901244997187,2.0772995518220316,0.6219926376123284,4,{}
2025-01-03 16:00:00+00:00,2025-01-04 08:00:00+00:00,LONG,97550.616408,97860.023183,0.010647487044177536,1038.6689243557125,96927.82428571428,101920.38142857143,signal_reversal,1.2170667794817847,0.0011717562265923498,2.077337848711425,0.6241900286754365,4,{}
2025-01-06 12:00:00+00:00,2025-01-07 04:00:00+00:00,LONG,99289.767997,101634.310557,0.010461109094895766,1038.6810950235074,100679.54321428572,105084.76357142856,signal_reversal,22.44915330773921,0.021613133631965393,2.077362190047015,0.6305688758009371,4,{}
2025-01-07 16:00:00+00:00,2025-01-08 08:00:00+00:00,SHORT,97922.874322,95163.460476,0.010609426998030604,1038.9055865565847,98645.34,92065.26,signal_reversal,27.197988583378805,0.026179461286299905,2.0778111731131697,0.6145633021395314,4,{}
2025-01-08 04:00:00+00:00,2025-01-08 20:00:00+00:00,SHORT,96496.24244,95089.128183,0.010769098776966,1039.1775664424185,97949.19178571428,91072.88642857142,signal_reversal,13.074997291225374,0.012582062694046684,2.078355132884837,0.6189619536463844,4,{}
2025-01-17 12:00:00+00:00,2025-01-18 04:00:00+00:00,LONG,102268.27128,102790.903475,0.010162568540635753,1039.3083164153309,101692.865,108614.26999999999,signal_reversal,3.2326688703997317,0.003110404121030708,2.078616632830662,0.6251789097819228,4,{}
2025-02-17 12:00:00+00:00,2025-02-18 04:00:00+00:00,SHORT,96034.351049,95485.56707899999,0.010822592455211446,1039.3406431040348,96570.12392857143,93838.13214285715,signal_reversal,3.860583967055115,0.0037144549216562126,2.0786812862080697,0.6218231967842578,4,{}
2025-02-18 16:00:00+00:00,2025-02-19 04:00:00+00:00,SHORT,95517.82605300001,95613.95629850001,0.010881521197592841,1039.3792489437053,95585.28071428572,91141.85857142857,stop_loss,-3.12480180202543,-0.0030064115722928724,2.0787584978874105,0.6239413243682463,3,{}
2025-02-24 12:00:00+00:00,2025-02-25 00:00:00+00:00,SHORT,95792.703565,92175.78872899999,0.010849970428284623,1039.348000925685,95411.85285714285,92148.14428571428,take_profit,37.164723010372676,0.035757727899868266,2.07869600185137,0.611839361824879,3,{}
2025-02-24 20:00:00+00:00,2025-02-25 08:00:00+00:00,SHORT,93915.33694400001,88590.34770500001,0.011070818483840977,1039.7196481557887,93047.43071428571,88563.77857142859,take_profit,56.87254999706395,0.05469988962692213,2.0794392963115773,0.6061515523380001,3,{}
2025-03-24 12:00:00+00:00,2025-03-25 00:00:00+00:00,LONG,87715.826856,87234.84240807143,0.011859756795812509,1040.2883736557594,87261.02071428571,90527.98857142858,stop_loss,-7.784935322312474,-0.007483439707160063,2.080576747311519,0.62246125925006,3,{}
2025-03-28 04:00:00+00:00,2025-03-28 20:00:00+00:00,SHORT,86761.133849,84449.707314,0.011989360652120218,1040.2105243025362,86712.65142857144,82213.66714285714,signal_reversal,25.632105300390574,0.02464126703349494,2.0804210486050723,0.6158151062274057,4,{}
2025-03-28 12:00:00+00:00,2025-03-29 04:00:00+00:00,SHORT,85229.673425,83756.93954600001,0.01220780044723655,1040.46684535554,85573.59464285715,81006.29071428571,signal_reversal,15.897907616005442,0.015279590778861325,2.0809336907110803,0.6188881286169687,4,{}
2025-04-01 12:00:00+00:00,2025-04-02 04:00:00+00:00,LONG,83955.489093,84401.002101,0.012394970664502568,1040.6258244317003,83547.87821428571,88746.85357142857,signal_reversal,3.4408690159510087,0.0033065381765151882,2.0812516488634007,0.6260326841922048,4,{}
2025-04-02 12:00:00+00:00,2025-04-03 00:00:00+00:00,LONG,84592.280073,84805.93772671428,0.012302070971769627,1040.6602331218596,84831.38714285714,90610.2357142857,stop_loss,0.5471111534111657,0.0005257346595919168,2.0813204662437195,0.6251849621845089,3,{}
2025-04-21 00:00:00+00:00,2025-04-21 16:00:00+00:00,LONG,85204.793772,87388.87547000001,0.012213698997008516,1040.6657042333939,86229.87214285714,89156.9357142857,signal_reversal,24.59438503578058,0.023633319456701062,2.0813314084667875,0.6324045952041006,4,{}
2025-04-21 12:00:00+00:00,2025-04-22 04:00:00+00:00,LONG,86998.01157599999,86812.05535367857,0.011964775162411947,1040.9116480837517,86838.10678571429,90458.18642857143,stop_loss,-4.306747686294737,-0.004137476695762959,2.0818232961675034,0.6238793674391037,4,{}
2025-04-22 12:00:00+00:00,2025-04-23 04:00:00+00:00,LONG,88640.674227,94105.57985400001,0.01174256163644838,1040.8685806068888,89126.48535714285,94550.85928571428,signal_reversal,62.09025400120747,0.05965234723965356,2.081737161213778,0.6437785791320875,4,{}
2025-04-22 20:00:00+00:00,2025-04-23 12:00:00+00:00,LONG,91442.204434,93167.321416,0.01138959290836666,1041.4894831469007,91367.13785714286,97594.6942857143,signal_reversal,17.56540117799637,0.016865653914163236,2.0829789662938016,0.6307900290566653,4,{}
2025-04-25 12:00:00+00:00,2025-04-26 04:00:00+00:00,LONG,94664.060701,94541.938907,0.011003807880678387,1041.6651371586809,93213.60678571429,98756.44642857142,signal_reversal,-3.4271350335370507,-0.0032900544630735606,2.083330274317362,0.6245958761385432,4,{}
2025-05-01 12:00:00+00:00,2025-05-02 04:00:00+00:00,LONG,96208.864003,96321.095,0.010826766084420923,1041.6308658083453,95279.18000000001,100004.54000000001,signal_reversal,-0.8681629796762789,-0.0008334651057047462,2.0832617316166906,0.6253432147503578,4,{}
2025-05-06 20:00:00+00:00,2025-05-07 12:00:00+00:00,LONG,94991.98905,96894.832827,0.01096536870735784,1041.6221841785487,95217.43357142858,100067.19285714286,signal_reversal,18.78213923894932,0.01803162367721788,2.0832443683570974,0.6312348602850011,4,{}
2025-05-08 00:00:00+00:00,2025-05-08 16:00:00+00:00,LONG,97059.60915,101269.60000300001,0.010733713175795722,1041.810005570938,97425.9675,102606.435,signal_reversal,43.10521427768381,0.04137531224233258,2.083620011141876,0.6386467781024527,4,{}
2025-05-08 12:00:00+00:00,2025-05-09 04:00:00+00:00,LONG,99438.97274499999,103597.68136900001,0.010481213038940219,1042.241057713715,98898.13357142857,104477.97285714286,signal_reversal,41.50382893959472,0.039821717473535835,2.0844821154274302,0.6384251083508761,4,{}
2025-05-08 20:00:00+00:00,2025-05-09 12:00:00+00:00,LONG,101330.39,102865.121203,0.010289668242697092,1042.6560960031109,101194.40392857144,107395.99214285714,signal_reversal,13.706562728579213,0.013145813639915955,2.0853121920062216,0.6303326980767507,4,{}
2025-05-18 12:00:00+00:00,2025-05-19 00:00:00+00:00,LONG,103831.69016499999,104357.75542121429,0.010043110730195025,1042.7931616303968,104389.07214285714,107775.85571428572,stop_loss,3.1977452962077697,0.0030665192426157905,2.0855863232607934,0.6272614284173345,3,{}
2025-05-18 20:00:00+00:00,2025-05-19 08:00:00+00:00,LONG,103915.145194,104890.9082845,0.010035352759566473,1042.8251390833586,104922.385,109518.01,stop_loss,7.706476544765536,0.007389998817576947,2.0856502781667174,0.6286336593653576,3,{}
